$ 1 0.000005 10.20027730826997 50 5 50 5e-11
151 384 272 496 272 0 2 0 5
151 384 144 496 144 0 2 5 5
w 496 144 496 176 0
w 496 176 384 240 0
w 496 272 496 240 0
w 496 240 384 176 0
w 384 176 384 160 0
w 384 240 384 256 0
M 496 144 560 144 0 2.5
M 496 272 560 272 0 2.5
151 160 288 272 288 0 2 5 5
151 144 112 256 112 0 2 0 5
w 272 288 384 288 0
L -352 240 -416 240 0 1 false 5 0
L 80 272 -16 272 0 1 false 5 0
I 80 176 80 224 0 0.5 5
w 80 176 48 96 0
w 80 224 160 272 0
w 48 96 144 96 0
w 144 128 80 272 0
w 80 272 176 304 0
w 176 304 160 304 0
L -336 160 -432 160 0 0 false 5 0
w 256 112 352 64 0
152 -272 32 -192 32 0 2 0 5
w -144 0 0 0 0
w 352 64 384 128 0
153 -192 352 -128 352 0 2 5 5
I -368 64 -288 64 0 0.5 5
w -352 240 -256 192 0
w -48 96 48 96 0
151 -256 176 -144 176 0 2 0 5
w -48 96 -48 144 0
I -144 176 -144 224 0 0.5 5
w -144 224 -48 144 0
I -304 144 -304 192 0 0.5 5
w -304 192 -256 160 0
w -304 144 -336 160 0
o 8 64 0 4102 5 0.00009765625 0 1 Q
